1 211 
0 
0 
0 
2 156 320 
0 
3 150 463 464 
0 
0 
1 54 
0 
0 
0 
2 617 618 
6 325 326 327 328 331 334 
1 99 
0 
0 
1 329 
0 
0 
0 
0 
1 628 
0 
0 
0 
0 
0 
0 
0 
0 
0 
0 
3 151 586 594 
0 
10 199 200 201 202 205 206 207 456 566 579 
1 503 
2 289 313 
0 
0 
1 146 
0 
0 
0 
0 
0 
1 256 
0 
0 
0 
0 
0 
0 
0 
0 
0 
0 
0 
0 
0 
0 
0 
0 
1 100 
0 
0 
0 
0 
2 381 382 
0 
0 
0 
0 
2 126 141 
4 356 357 359 367 
0 
0 
0 
0 
0 
0 
0 
0 
0 
0 
0 
10 390 391 392 393 394 395 396 397 398 400 
1 403 
1 405 
0 
0 
1 407 
7 81 90 498 499 619 668 669 
5 288 305 413 414 415 
0 
1 417 
0 
0 
1 572 
0 
0 
0 
1 258 
0 
0 
0 
2 591 600 
9 613 615 648 652 653 657 659 661 662 
7 341 351 352 440 441 442 445 
0 
0 
0 
0 
0 
9 364 616 647 649 651 654 656 658 660 
0 
1 507 
0 
0 
0 
0 
0 
0 
0 
0 
0 
0 
0 
0 
0 
0 
0 
0 
0 
0 
0 
0 
1 408 
1 483 
0 
0 
0 
1 489 
0 
0 
0 
0 
3 32 114 115 
0 
0 
0 
0 
0 
0 
0 
0 
0 
1 310 
0 
0 
0 
0 
0 
0 
1 543 
0 
0 
0 
1 461 
0 
0 
0 
3 558 562 670 
1 111 
0 
0 
5 532 536 605 606 607 
4 140 143 162 163 
0 
0 
0 
0 
0 
0 
0 
1 650 
2 553 554 
0 
2 171 596 
3 614 655 673 
0 
5 123 130 132 154 157 
2 377 380 
0 
4 10 74 552 557 
1 680 
0 
0 
2 383 384 
0 
1 110 
0 
0 
0 
5 23 233 506 644 683 
0 
0 
3 280 281 319 
0 
0 
3 323 330 332 
4 53 86 259 270 
0 
1 29 
0 
0 
0 
0 
0 
3 4 112 122 
0 
0 
0 
0 
0 
0 
0 
1 541 
0 
0 
0 
0 
0 
0 
3 511 518 521 
0 
0 
0 
0 
0 
0 
0 
0 
0 
0 
0 
0 
1 180 
2 448 449 
0 
0 
4 365 366 368 369 
1 513 
1 198 
3 252 254 255 
0 
0 
0 
0 
1 204 
0 
0 
0 
0 
0 
0 
0 
0 
1 629 
5 30 436 438 443 444 
0 
0 
1 577 
0 
8 218 219 221 225 229 363 411 412 
0 
0 
0 
0 
0 
0 
0 
0 
0 
0 
0 
1 370 
0 
0 
0 
0 
0 
0 
1 666 
0 
0 
0 
0 
1 236 
1 481 
2 245 677 
0 
1 222 
0 
0 
0 
0 
0 
0 
1 681 
0 
0 
0 
0 
1 580 
0 
1 630 
2 72 640 
1 16 
0 
1 237 
0 
0 
0 
0 
2 322 559 
0 
0 
0 
1 482 
0 
0 
0 
1 181 
6 546 547 548 549 550 551 
0 
3 386 387 388 
2 509 510 
0 
0 
1 571 
0 
0 
1 389 
0 
4 452 469 470 537 
0 
4 362 402 404 409 
0 
1 139 
0 
2 519 520 
0 
2 514 515 
0 
0 
0 
0 
1 567 
0 
0 
0 
0 
0 
4 133 134 135 137 
1 129 
4 337 338 339 340 
0 
0 
0 
0 
0 
0 
0 
0 
1 152 
0 
1 155 
1 92 
0 
4 158 159 160 161 
0 
3 167 169 170 
0 
0 
0 
0 
9 70 447 458 462 465 466 467 468 471 
0 
0 
0 
0 
0 
0 
1 36 
0 
0 
0 
0 
0 
0 
0 
0 
0 
0 
0 
2 93 540 
0 
2 563 564 
0 
0 
0 
0 
0 
0 
1 569 
0 
0 
1 96 
0 
0 
0 
0 
1 177 
0 
0 
0 
0 
7 460 472 473 474 476 477 478 
0 
0 
0 
0 
2 2 358 
0 
0 
0 
0 
0 
0 
0 
2 459 475 
0 
3 125 138 173 
0 
0 
0 
0 
0 
0 
0 
0 
0 
0 
0 
0 
0 
0 
0 
0 
0 
1 107 
0 
0 
1 385 
2 301 406 
0 
1 399 
0 
0 
0 
1 544 
0 
0 
0 
0 
0 
0 
1 581 
1 116 
1 490 
0 
2 528 529 
2 522 534 
1 121 
1 410 
0 
0 
0 
1 419 
2 50 51 
11 277 278 290 291 292 294 295 296 297 300 316 
1 674 
0 
0 
0 
0 
0 
0 
0 
0 
0 
0 
0 
0 
0 
0 
1 508 
0 
0 
0 
1 625 
0 
0 
0 
2 41 371 
0 
1 192 
0 
1 293 
0 
0 
0 
0 
1 488 
0 
3 136 215 224 
0 
1 491 
0 
0 
4 561 565 568 574 
0 
3 485 493 504 
0 
0 
0 
3 378 379 496 
1 500 
0 
1 501 
3 486 502 538 
0 
1 479 
0 
0 
1 120 
0 
0 
0 
1 604 
0 
1 75 
0 
0 
0 
0 
0 
2 439 446 
1 624 
1 671 
0 
0 
3 283 284 314 
12 18 19 20 21 249 250 253 272 273 274 275 276 
2 260 263 
0 
0 
0 
0 
3 324 335 348 
0 
0 
0 
1 576 
0 
0 
1 248 
0 
0 
2 416 575 
0 
0 
0 
0 
3 71 420 421 
0 
0 
1 634 
0 
0 
0 
0 
0 
1 623 
0 
0 
0 
2 185 190 
0 
0 
11 282 298 302 303 304 306 307 308 309 312 321 
0 
0 
0 
0 
0 
1 517 
0 
0 
0 
3 153 244 645 
0 
2 52 176 
0 
0 
0 
0 
4 118 119 555 556 
1 539 
0 
0 
0 
1 174 
0 
1 234 
1 209 
1 299 
2 210 480 
0 
0 
0 
1 344 
0 
0 
0 
2 267 268 
0 
0 
0 
0 
0 
0 
0 
0 
1 45 
0 
9 582 587 589 590 597 608 610 611 612 
0 
1 570 
0 
1 271 
1 373 
2 583 592 
0 
0 
0 
0 
0 
0 
0 
1 28 
1 372 
0 
0 
0 
0 
0 
0 
1 131 
0 
1 208 
0 
1 145 
0 
0 
15 149 422 423 424 425 426 427 428 429 430 431 432 433 434 435 
1 524 
0 
0 
0 
1 172 
0 
1 35 
0 
0 
0 
0 
0 
0 
0 
0 
0 
0 
3 246 247 265 
1 269 
0 
0 
0 
0 
0 
1 609 
0 
1 251 
0 
0 
0 
0 
2 345 347 
0 
0 
0 
0 
0 
0 
0 
0 
0 
0 
0 
0 
0 
6 144 147 164 165 166 175 
0 
0 
0 
0 
0 
5 239 240 241 242 243 
0 
1 168 
0 
1 599 
0 
0 
0 
0 
0 
1 346 
0 
0 
0 
0 
3 91 214 578 
0 
1 85 
0 
0 
0 
0 
2 343 353 
0 
0 
0 
0 
0 
0 
0 
1 257 
0 
0 
0 
1 573 
0 
0 
0 
0 
0 
0 
1 148 
0 
1 535 
0 
0 
0 
1 216 
0 
0 
0 
0 
2 7 220 
0 
19 64 67 68 69 73 79 80 88 584 585 620 627 632 635 637 638 639 641 643 
59 0 1 3 5 6 9 11 12 13 22 24 25 26 27 31 33 34 37 38 39 40 42 43 46 47 48 49 55 56 57 58 59 60 61 62 63 65 66 76 77 78 82 83 84 87 89 94 95 124 179 232 437 505 664 665 672 675 678 679 
0 
4 374 375 376 533 
1 223 
2 451 453 
2 53 588 
3 226 227 228 
0 
2 230 231 
0 
2 14 595 
2 186 187 
1 598 
0 
0 
0 
0 
2 279 602 
0 
0 
0 
0 
1 15 
0 
0 
0 
0 
0 
0 
0 
0 
0 
0 
0 
0 
0 
0 
0 
1 315 
0 
0 
0 
1 184 
1 418 
0 
0 
0 
2 238 642 
0 
0 
0 
0 
0 
0 
0 
0 
0 
0 
2 189 203 
0 
0 
0 
5 484 487 492 494 497 
0 
0 
0 
5 354 355 360 361 401 
1 196 
0 
0 
0 
0 
0 
0 
0 
0 
0 
0 
0 
0 
0 
0 
0 
0 
0 
1 127 
0 
1 191 
0 
0 
0 
0 
0 
3 108 109 450 
0 
0 
0 
0 
0 
0 
1 545 
0 
0 
1 527 
0 
0 
0 
3 454 455 667 
0 
0 
0 
1 603 
0 
0 
0 
0 
0 
1 97 
0 
1 350 
0 
0 
5 101 102 103 104 105 
0 
0 
0 
0 
0 
1 631 
0 
1 318 
2 621 622 
0 
0 
1 495 
1 113 
0 
0 
0 
2 117 183 
4 44 261 262 264 
0 
0 
1 512 
0 
0 
0 
0 
0 
2 217 266 
0 
0 
3 523 525 526 
0 
0 
3 8 342 676 
0 
0 
5 286 287 311 317 336 
1 663 
0 
0 
2 285 593 
0 
0 
0 
0 
1 17 
3 128 142 560 
0 
1 626 
0 
1 682 
0 
1 457 
0 
0 
3 178 197 601 
0 
1 516 
0 
0 
0 
0 
0 
1 194 
0 
0 
0 
0 
0 
0 
1 98 
0 
0 
0 
0 
0 
1 188 
1 193 
0 
2 542 646 
2 212 530 
0 
2 213 531 
0 
0 
0 
0 
1 106 
0 
0 
0 
0 
0 
2 333 349 
2 182 195 
2 633 636 
0 
1 235 
0 
0 
0 
0 
0 
0 
0 
