1 402 
0 
2 731 1411 
1 549 
4 589 1206 1210 1392 
0 
2 240 267 
0 
0 
0 
0 
0 
1 169 
15 1283 1286 1288 1289 1291 1292 1293 1294 1296 1297 1299 1300 1301 1302 1303 
8 593 599 600 601 602 607 623 1166 
2 74 75 
0 
1 317 
1 1167 
2 852 854 
0 
1 1314 
0 
3 1309 1347 1351 
1 1350 
0 
0 
2 480 1260 
0 
0 
1 1155 
2 60 83 
0 
1 210 
8 801 1035 1178 1179 1180 1207 1213 1244 
1 960 
15 328 329 330 331 332 333 334 335 340 341 344 1144 1145 1156 1157 
1 891 
1 533 
3 406 407 1393 
3 759 764 802 
7 232 233 502 503 762 763 990 
1 299 
0 
0 
1 110 
10 1132 1257 1281 1396 1403 1414 1427 1431 1433 1434 
1 284 
0 
1 134 
0 
0 
1 498 
1 185 
4 72 73 1083 1101 
1 134 
0 
0 
3 113 1441 1445 
0 
0 
0 
1 687 
0 
1 94 
0 
0 
3 863 884 885 
0 
1 188 
2 1176 1208 
3 425 720 1081 
0 
0 
3 171 211 255 
2 632 633 
1 1243 
2 643 1329 
0 
0 
0 
0 
0 
1 1410 
0 
1 1263 
1 416 
4 667 668 670 671 
0 
2 680 681 
0 
0 
3 682 723 743 
3 685 871 889 
0 
0 
1 1338 
0 
0 
3 51 695 1122 
0 
2 641 725 
0 
3 494 507 1019 
0 
0 
0 
2 272 1222 
31 658 1250 1256 1258 1259 1261 1267 1268 1269 1270 1271 1272 1273 1274 1278 1279 1404 1405 1406 1407 1413 1415 1416 1417 1418 1420 1421 1424 1425 1430 1432 
11 541 542 543 556 568 598 620 730 732 747 751 
0 
0 
0 
0 
0 
2 639 642 
1 765 
1 1121 
0 
0 
0 
1 58 
0 
0 
0 
2 250 261 
7 230 637 654 661 676 698 1102 
4 515 560 571 584 
0 
4 348 382 808 1234 
0 
1 459 
0 
0 
0 
0 
0 
0 
1 683 
0 
0 
0 
0 
4 79 391 869 1223 
0 
0 
0 
0 
4 49 294 295 316 
0 
0 
0 
0 
0 
1 740 
0 
0 
0 
3 548 1218 1229 
0 
3 831 846 1430 
0 
0 
0 
0 
2 1033 1034 
0 
0 
1 1125 
2 793 795 
0 
1 1080 
0 
2 1080 1088 
9 77 119 123 124 131 133 145 148 154 
0 
2 356 1029 
8 991 1182 1183 1203 1231 1237 1238 1239 
12 183 188 189 203 204 205 208 209 217 218 221 256 
0 
1 505 
1 1079 
1 164 
0 
1 1358 
2 68 70 
3 833 1412 1422 
8 1045 1046 1056 1057 1063 1064 1071 1073 
1 448 
1 1214 
7 699 1230 1397 1402 1423 1426 1428 
0 
8 164 168 172 179 187 243 253 1431 
0 
0 
6 615 618 1042 1043 1053 1070 
1 62 
2 677 993 
1 1330 
2 659 714 
0 
2 57 118 
1 1055 
0 
0 
0 
14 350 353 360 362 363 364 380 381 384 388 395 400 401 412 
0 
8 519 520 521 522 530 546 562 583 
0 
0 
2 594 603 
1 470 
1 1327 
4 604 605 609 614 
9 3 859 866 867 876 882 893 895 900 
4 196 550 705 912 
7 54 908 916 926 934 949 952 
1 411 
0 
3 112 139 160 
0 
2 245 251 
3 780 1165 1386 
5 31 32 1164 1198 1221 
0 
2 832 873 
0 
1 1031 
0 
0 
0 
0 
0 
3 720 827 851 
4 943 944 950 951 
0 
0 
0 
0 
0 
0 
0 
0 
0 
1 235 
1 878 
0 
0 
1 758 
0 
0 
10 0 37 386 644 645 646 647 648 649 1217 
0 
5 176 181 244 870 1349 
2 473 510 
0 
0 
1 4 
0 
4 120 287 309 338 
2 850 1009 
0 
0 
2 1037 1038 
1 1113 
0 
1 1139 
1 487 
0 
8 728 733 734 736 737 742 744 1384 
2 377 973 
0 
1 1084 
1 1409 
2 551 638 
2 170 224 
0 
1 834 
1 417 
0 
0 
1 274 
1 1437 
0 
0 
0 
0 
0 
0 
4 392 394 684 1233 
0 
3 540 544 545 
0 
3 55 597 1388 
0 
0 
3 426 427 430 
1 855 
2 280 431 
0 
0 
0 
0 
0 
1 1389 
0 
0 
0 
1 1383 
0 
0 
0 
1 87 
4 1378 1379 1380 1400 
4 735 740 748 752 
1 1128 
1 908 
7 626 1317 1318 1352 1353 1367 1436 
19 9 10 71 177 184 271 447 451 529 778 791 835 1100 1124 1184 1372 1395 1401 1408 
3 98 106 994 
3 429 1049 1387 
1 908 
0 
0 
0 
2 590 1074 
2 1398 1399 
0 
0 
2 856 857 
1 696 
0 
1 910 
0 
6 1044 1047 1048 1050 1051 1072 
1 692 
14 13 14 39 53 662 663 664 665 964 966 968 1017 1123 1141 
0 
0 
1 678 
1 1117 
0 
0 
2 651 666 
3 931 932 1099 
5 764 804 967 979 992 
0 
1 940 
0 
0 
0 
3 945 947 948 
1 1199 
2 922 924 
2 33 34 
1 241 
1 953 
0 
0 
0 
0 
0 
1 955 
2 182 1069 
9 188 190 191 192 193 194 197 198 838 
1 199 
0 
0 
2 838 847 
1 222 
3 223 383 389 
0 
0 
0 
0 
0 
0 
2 249 253 
1 1224 
1 803 
5 257 259 262 263 390 
1 201 
0 
0 
0 
0 
0 
17 49 761 775 779 782 783 784 785 788 793 794 796 797 799 800 806 810 
0 
2 825 1439 
0 
0 
0 
0 
0 
1 1285 
0 
0 
0 
0 
0 
0 
0 
1 130 
0 
2 128 306 
3 975 1023 1090 
0 
1 1020 
0 
0 
5 961 976 1003 1011 1012 
1 573 
1 347 
2 126 688 
2 970 1115 
6 21 136 305 343 365 376 
0 
13 27 28 29 30 47 141 142 143 1185 1204 1205 1209 1211 
3 1134 1136 1137 
0 
2 627 1147 
1 1341 
4 279 1287 1295 1298 
0 
0 
1 998 
0 
5 807 811 812 813 814 
0 
5 229 540 610 621 622 
0 
2 310 312 
0 
1 1332 
0 
2 489 1018 
0 
1 355 
2 1201 1212 
1 1280 
3 766 787 974 
1 868 
5 199 200 202 248 307 
0 
0 
0 
0 
0 
1 5 
0 
0 
1 1385 
0 
0 
0 
0 
0 
0 
0 
4 66 415 437 443 
0 
0 
0 
0 
1 539 
0 
2 111 675 
2 35 874 
1 640 
0 
1 719 
0 
1 408 
0 
1 1120 
0 
0 
0 
3 7 146 147 
0 
0 
2 983 984 
10 56 753 955 956 959 971 988 1000 1002 1009 
4 144 155 156 1251 
1 15 
2 769 770 
1 458 
0 
2 1103 1110 
0 
3 382 515 914 
0 
0 
0 
0 
1 1226 
0 
3 954 987 999 
0 
0 
0 
0 
0 
2 449 450 
0 
1 1036 
3 46 213 830 
0 
0 
0 
7 17 288 1306 1320 1375 1439 1443 
0 
5 441 535 536 578 1148 
0 
1 650 
0 
3 302 339 818 
0 
0 
1 366 
3 109 1150 1153 
0 
3 151 211 1039 
7 38 771 772 773 786 864 865 
0 
4 228 373 374 410 
0 
0 
0 
0 
7 275 1075 1078 1082 1093 1098 1133 
1 1362 
4 660 882 903 904 
1 881 
1 1254 
0 
5 657 836 843 886 1264 
2 741 890 
0 
1 894 
2 896 957 
0 
1 839 
0 
2 905 906 
1 152 
0 
0 
0 
5 753 754 757 777 790 
1 483 
1 423 
0 
0 
0 
0 
1 421 
3 729 745 749 
4 438 1306 1319 1322 
0 
7 461 476 481 482 490 493 501 
1 1116 
9 526 527 528 532 570 572 577 581 582 
14 40 41 45 469 471 472 479 496 499 500 508 512 513 514 
2 453 478 
0 
5 346 378 379 385 613 
0 
0 
1 617 
1 616 
3 12 756 1181 
1 456 
2 1151 1152 
0 
0 
1 460 
0 
0 
2 1087 1142 
1 105 
0 
0 
0 
3 689 694 697 
2 746 888 
0 
6 1312 1313 1355 1360 1363 1364 
2 86 297 
0 
1 608 
0 
1 1150 
3 1322 1323 1333 
0 
0 
0 
2 289 324 
1 59 
0 
23 76 292 518 531 534 540 547 552 553 554 555 557 558 559 563 564 565 566 567 579 580 587 588 
0 
0 
2 396 516 
2 915 929 
0 
5 36 935 936 939 946 
0 
1 822 
0 
1 398 
0 
4 276 277 278 1252 
0 
0 
0 
4 919 920 924 925 
10 153 157 158 159 161 1065 1066 1067 1068 1073 
4 1001 1325 1342 1343 
0 
3 23 937 938 
0 
0 
1 780 
2 418 1215 
2 239 354 
3 517 538 576 
1 816 
3 768 809 819 
1 414 
0 
9 178 212 211 214 215 219 234 247 258 
5 42 43 44 485 1013 
2 11 1005 
1 195 
0 
1 18 
0 
0 
0 
0 
3 909 923 933 
0 
0 
0 
2 439 1041 
23 19 20 1058 1160 1162 1186 1187 1188 1189 1190 1191 1192 1193 1196 1197 1232 1240 1241 1242 1245 1246 1247 1248 
0 
2 465 1118 
1 792 
1 506 
1 1208 
6 1015 1054 1163 1194 1225 1235 
0 
0 
0 
3 88 89 95 
5 166 167 186 907 921 
0 
0 
0 
7 149 420 440 652 653 655 1080 
0 
0 
0 
1 612 
1 858 
0 
1 175 
0 
2 352 823 
0 
1 231 
1 1265 
0 
19 237 368 700 701 702 703 704 706 707 708 709 710 711 712 713 714 715 716 718 
4 892 938 995 996 
2 2 1171 
1 180 
0 
1 270 
0 
2 96 129 
1 1131 
0 
0 
0 
2 817 840 
0 
2 165 1440 
0 
0 
0 
8 452 462 463 464 465 466 468 504 
2 492 989 
0 
1 254 
0 
1 132 
0 
2 1040 1262 
0 
2 467 509 
1 822 
2 50 470 
0 
1 1277 
1 625 
0 
0 
0 
0 
0 
0 
0 
0 
0 
0 
0 
0 
0 
3 236 264 268 
0 
0 
0 
1 805 
0 
5 432 433 434 435 436 
0 
0 
1 382 
8 1159 1161 1168 1169 1170 1195 1219 1220 
3 345 602 1112 
3 65 69 1100 
0 
0 
0 
0 
1 1114 
2 488 511 
0 
1 1307 
5 370 371 372 679 1154 
0 
1 1249 
2 727 738 
0 
1 624 
0 
2 591 592 
0 
0 
0 
0 
0 
0 
3 206 207 285 
0 
3 98 963 1009 
0 
0 
1 1097 
0 
0 
0 
3 1024 1025 1028 
1 849 
1 1060 
5 238 266 273 281 820 
0 
0 
3 242 267 1062 
0 
1 1382 
1 375 
0 
0 
0 
1 382 
0 
2 404 1061 
34 26 349 1146 1172 1173 1174 1175 1304 1310 1316 1321 1324 1326 1331 1334 1335 1336 1337 1339 1340 1345 1354 1356 1357 1361 1365 1366 1368 1370 1371 1373 1377 1381 1444 
2 686 1282 
0 
6 0 1 16 656 669 1021 
3 399 877 1054 
0 
2 603 1007 
1 824 
5 291 327 342 359 1076 
4 163 403 409 413 
0 
1 442 
3 290 298 300 
1 837 
0 
0 
1 958 
3 90 91 1109 
3 486 523 585 
0 
2 821 1094 
1 826 
0 
1 829 
1 226 
0 
0 
3 308 1386 1391 
1 1369 
0 
3 722 723 841 
3 444 828 845 
1 475 
1 848 
0 
1 8 
2 691 693 
0 
0 
1 913 
1 1315 
0 
0 
2 283 524 
2 690 726 
0 
5 474 1390 1426 1429 1439 
2 454 477 
5 303 315 446 1374 1376 
1 1236 
1 22 
0 
2 918 942 
0 
0 
0 
2 301 336 
1 1227 
0 
1 337 
2 424 442 
0 
3 265 739 1127 
13 861 862 871 872 873 874 875 879 880 883 897 898 899 
0 
0 
2 293 628 
9 629 630 631 634 635 636 672 673 674 
0 
0 
0 
0 
0 
1 80 
0 
1 853 
1 815 
4 62 67 85 260 
0 
0 
1 1022 
0 
0 
0 
0 
0 
3 173 177 227 
1 997 
4 92 93 357 1089 
0 
3 830 887 1086 
2 98 1266 
0 
0 
4 114 115 116 760 
0 
1 1129 
0 
0 
2 48 1077 
1 25 
3 287 721 750 
0 
0 
2 982 991 
0 
0 
0 
2 774 798 
0 
0 
0 
1 1228 
1 1328 
1 525 
4 325 724 1095 1096 
0 
0 
5 60 61 63 64 125 
2 127 537 
0 
0 
1 97 
5 100 101 102 103 104 
0 
0 
1 115 
0 
0 
3 1305 1344 1346 
3 122 1119 1124 
0 
5 902 1308 1311 1315 1438 
1 320 
1 135 
4 860 882 901 985 
2 140 1348 
0 
2 287 318 
0 
1 296 
3 455 491 495 
3 162 286 322 
1 393 
0 
0 
2 225 269 
1 717 
7 314 319 321 323 326 917 1442 
0 
6 361 379 465 497 1419 1435 
1 82 
1 52 
10 962 965 977 978 980 981 999 1004 1008 1014 
1 1276 
0 
5 595 1026 1030 1091 1108 
2 842 844 
0 
4 561 569 574 586 
4 216 246 252 414 
0 
0 
3 150 530 1202 
8 355 358 367 397 405 1126 1284 1290 
2 78 84 
3 311 313 781 
0 
0 
5 81 174 220 911 1138 
0 
1 755 
1 948 
2 1027 1177 
0 
2 767 789 
1 117 
1 428 
2 282 1216 
1 1059 
3 927 928 930 
2 387 1253 
1 55 
1 419 
0 
2 776 941 
0 
2 575 1085 
0 
0 
0 
0 
0 
5 24 1104 1105 1106 1107 
0 
1 138 
0 
0 
2 1010 1016 
1 294 
2 284 304 
0 
3 351 1032 1394 
2 1255 1275 
0 
5 369 457 972 986 1006 
0 
2 445 969 
2 108 137 
5 1092 1140 1143 1149 1158 
3 99 107 152 
1 1111 
1 1052 
0 
2 1130 1135 
0 
5 596 606 611 619 1200 
1 955 
3 60 121 1359 
0 
1 422 
1 6 
1 484 
1 1069 
0 
0 
0 
0 
